$BTL
                   [,1]       [,2]       [,3]      [,4]       [,5]
eigenvalues 2.640011986 1.73014685  1.1529144  1.046793  1.0072348
halflife    0.001043474 0.03523819  0.1766827  0.236097  0.2518716
%treeheight 0.104347354 3.52381945 17.6682677 23.609701 25.1871575

$BTU
                   [,1]       [,2]       [,3]       [,4]       [,5]
eigenvalues 664.5064415 19.6802152  3.9234932  2.9358576  2.7519865
halflife      0.2625546  0.4006315  0.6012131  0.6621629  0.6881684
%treeheight  26.2554562 40.0631463 60.1213080 66.2162852 68.8168439

